% Ex(V/m)	Ey(V/m)	Ez(V/m)
0.000000e+00	0.000000e+00	0.000000e+00
0.000000e+00	0.000000e+00	0.000000e+00
0.000000e+00	0.000000e+00	0.000000e+00
0.000000e+00	0.000000e+00	0.000000e+00
0.000000e+00	0.000000e+00	0.000000e+00
0.000000e+00	0.000000e+00	0.000000e+00
1.133823e-14	-7.558820e-15	1.133823e-14
1.151147e-13	-7.447862e-14	1.151147e-13
6.082510e-13	-3.795748e-13	6.082510e-13
2.224593e-12	-1.330076e-12	2.224593e-12
6.332504e-12	-3.603022e-12	6.332504e-12
1.499212e-11	-8.069440e-12	1.499212e-11
3.087741e-11	-1.566907e-11	3.087741e-11
5.725181e-11	-2.743386e-11	5.725181e-11
9.823478e-11	-4.483410e-11	9.823478e-11
1.594106e-10	-7.040865e-11	1.594106e-10
2.485927e-10	-1.084345e-10	2.485927e-10
3.766157e-10	-1.654467e-10	3.766157e-10
5.585005e-10	-2.507504e-10	5.585005e-10
8.158661e-10	-3.773483e-10	8.158661e-10
1.181415e-09	-5.636072e-10	1.181415e-09
1.705492e-09	-8.355905e-10	1.705492e-09
2.463725e-09	-1.229841e-09	2.463725e-09
3.564704e-09	-1.796939e-09	3.564704e-09
5.158047e-09	-2.607061e-09	5.158047e-09
7.445418e-09	-3.759059e-09	7.445418e-09
1.069831e-08	-5.393676e-09	1.069831e-08
1.528581e-08	-7.709979e-09	1.528581e-08
2.171340e-08	-1.098382e-08	2.171340e-08
3.067231e-08	-1.558903e-08	3.067231e-08
4.309951e-08	-2.202564e-08	4.309951e-08
6.025156e-08	-3.096140e-08	6.025156e-08
8.379863e-08	-4.329198e-08	8.379863e-08
1.159466e-07	-6.022122e-08	1.159466e-07
1.595945e-07	-8.335996e-08	1.595945e-07
2.185327e-07	-1.148435e-07	2.185327e-07
2.976876e-07	-1.574739e-07	2.976876e-07
4.034196e-07	-2.148992e-07	4.034196e-07
5.438835e-07	-2.918445e-07	5.438835e-07
7.294621e-07	-3.944050e-07	7.294621e-07
9.732836e-07	-5.304076e-07	9.732836e-07
1.291831e-06	-7.098445e-07	1.291831e-06
1.705650e-06	-9.453890e-07	1.705650e-06
2.240174e-06	-1.253010e-06	2.240174e-06
2.926654e-06	-1.652706e-06	2.926654e-06
3.803214e-06	-2.169366e-06	3.803214e-06
4.916007e-06	-2.833787e-06	4.916007e-06
6.320468e-06	-3.683818e-06	6.320468e-06
8.082626e-06	-4.765678e-06	8.082626e-06
1.028045e-05	-6.135423e-06	1.028045e-05
1.300518e-05	-7.860594e-06	1.300518e-05
1.636264e-05	-1.002204e-05	1.636264e-05
2.047435e-05	-1.271588e-05	2.047435e-05
2.547845e-05	-1.605560e-05	2.547845e-05
3.153031e-05	-2.017420e-05	3.153031e-05
3.880261e-05	-2.522637e-05	3.880261e-05
4.748483e-05	-3.139070e-05	4.748483e-05
5.778204e-05	-3.887170e-05	5.778204e-05
6.991273e-05	-4.790174e-05	6.991273e-05
8.410561e-05	-5.874264e-05	8.410561e-05
1.005953e-04	-7.168679e-05	1.005953e-04
1.196165e-04	-8.705774e-05	1.196165e-04
1.413969e-04	-1.052100e-04	1.413969e-04
1.661489e-04	-1.265282e-04	1.661489e-04
1.940590e-04	-1.514245e-04	1.940590e-04
2.252770e-04	-1.803362e-04	2.252770e-04
2.599031e-04	-2.137203e-04	2.599031e-04
2.979743e-04	-2.520481e-04	2.979743e-04
3.394505e-04	-2.957974e-04	3.394505e-04
3.842001e-04	-3.454434e-04	3.842001e-04
4.319862e-04	-4.014477e-04	4.319862e-04
4.824536e-04	-4.642468e-04	4.824536e-04
5.351182e-04	-5.342374e-04	5.351182e-04
5.893587e-04	-6.117622e-04	5.893587e-04
6.444110e-04	-6.970940e-04	6.444110e-04
6.993683e-04	-7.904187e-04	6.993683e-04
7.531850e-04	-8.918187e-04	7.531850e-04
8.046863e-04	-1.001257e-03	8.046863e-04
8.525845e-04	-1.118559e-03	8.525845e-04
8.955012e-04	-1.243401e-03	8.955012e-04
9.319958e-04	-1.375295e-03	9.319958e-04
9.606008e-04	-1.513579e-03	9.606008e-04
9.798617e-04	-1.657411e-03	9.798617e-04
9.883828e-04	-1.805760e-03	9.883828e-04
9.848752e-04	-1.957410e-03	9.848752e-04
9.682079e-04	-2.110964e-03	9.682079e-04
9.374584e-04	-2.264847e-03	9.374584e-04
8.919614e-04	-2.417326e-03	8.919614e-04
8.313538e-04	-2.566519e-03	8.313538e-04
7.556135e-04	-2.710424e-03	7.556135e-04
6.650898e-04	-2.846941e-03	6.650898e-04
5.605236e-04	-2.973900e-03	5.605236e-04
4.430561e-04	-3.089100e-03	4.430561e-04
3.142239e-04	-3.190338e-03	3.142239e-04
1.759413e-04	-3.275453e-03	1.759413e-04
3.046759e-05	-3.342363e-03	3.046759e-05
-1.196385e-04	-3.389107e-03	-1.196385e-04
-2.715769e-04	-3.413888e-03	-2.715769e-04
-4.223751e-04	-3.415112e-03	-4.223751e-04
-5.689012e-04	-3.391474e-03	-5.689012e-04
-7.075769e-04	-3.342230e-03	-7.075769e-04
-8.334312e-04	-3.267830e-03	-8.334312e-04
-9.384749e-04	-3.170784e-03	-9.384749e-04
-1.010244e-03	-3.056054e-03	-1.010244e-03
-1.032086e-03	-2.930058e-03	-1.032086e-03
-9.863129e-04	-2.798168e-03	-9.863129e-04
-8.595151e-04	-2.662119e-03	-8.595151e-04
-6.475857e-04	-2.519653e-03	-6.475857e-04
-3.582956e-04	-2.367493e-03	-3.582956e-04
-1.172630e-05	-2.205982e-03	-1.172630e-05
3.591014e-04	-2.041777e-03	3.591014e-04
7.066931e-04	-1.886281e-03	7.066931e-04
9.708560e-04	-1.751038e-03	9.708560e-04
1.090992e-03	-1.643555e-03	1.090992e-03
1.031242e-03	-1.565277e-03	1.031242e-03
8.085104e-04	-1.509746e-03	8.085104e-04
5.031127e-04	-1.458698e-03	5.031127e-04
2.354885e-04	-1.379417e-03	2.354885e-04
1.128461e-04	-1.232441e-03	1.128461e-04
1.741487e-04	-9.953657e-04	1.741487e-04
3.701164e-04	-6.931588e-04	3.701164e-04
5.958487e-04	-4.097332e-04	5.958487e-04
7.577453e-04	-2.580738e-04	7.577453e-04
8.302016e-04	-3.141274e-04	8.302016e-04
8.629062e-04	-5.555879e-04	8.629062e-04
9.344232e-04	-8.579046e-04	9.344232e-04
1.086208e-03	-1.066879e-03	1.086208e-03
1.284094e-03	-1.107652e-03	1.284094e-03
1.432942e-03	-1.051048e-03	1.432942e-03
1.432758e-03	-1.078945e-03	1.432758e-03
1.239573e-03	-1.362968e-03	1.239573e-03
8.967820e-04	-1.940093e-03	8.967820e-04
5.242542e-04	-2.675849e-03	5.242542e-04
2.737175e-04	-3.340622e-03	2.737175e-04
2.681464e-04	-3.739050e-03	2.681464e-04
5.441120e-04	-3.798132e-03	5.441120e-04
1.018119e-03	-3.563826e-03	1.018119e-03
1.499443e-03	-3.136107e-03	1.499443e-03
1.760624e-03	-2.614819e-03	1.760624e-03
1.646107e-03	-2.096966e-03	1.646107e-03
1.164550e-03	-1.696921e-03	1.164550e-03
5.021533e-04	-1.528742e-03	5.021533e-04
-6.745738e-05	-1.632505e-03	-6.745738e-05
-3.334756e-04	-1.904264e-03	-3.334756e-04
-2.658999e-04	-2.118275e-03	-2.658999e-04
-2.154368e-05	-2.065962e-03	-2.154368e-05
1.683872e-04	-1.724858e-03	1.683872e-04
1.527760e-04	-1.315736e-03	1.527760e-04
-4.863117e-05	-1.173089e-03	-4.863117e-05
-2.760392e-04	-1.502089e-03	-2.760392e-04
-3.511911e-04	-2.202007e-03	-3.511911e-04
-1.974782e-04	-2.902566e-03	-1.974782e-04
1.231570e-04	-3.201476e-03	1.231570e-04
4.693341e-04	-2.933116e-03	4.693341e-04
7.185434e-04	-2.270908e-03	7.185434e-04
8.300536e-04	-1.593768e-03	8.300536e-04
8.379870e-04	-1.226454e-03	8.379870e-04
7.982634e-04	-1.249963e-03	7.982634e-04
7.412424e-04	-1.507721e-03	7.412424e-04
6.639525e-04	-1.772458e-03	6.639525e-04
5.555973e-04	-1.922483e-03	5.555973e-04
4.247842e-04	-1.992118e-03	4.247842e-04
3.037584e-04	-2.081806e-03	3.037584e-04
2.304067e-04	-2.228956e-03	2.304067e-04
2.267811e-04	-2.358091e-03	2.267811e-04
2.901627e-04	-2.346463e-03	2.901627e-04
3.977941e-04	-2.139462e-03	3.977941e-04
5.165848e-04	-1.814339e-03	5.165848e-04
6.116606e-04	-1.541438e-03	6.116606e-04
6.548609e-04	-1.476561e-03	6.548609e-04
6.350527e-04	-1.665349e-03	6.350527e-04
5.655046e-04	-2.020907e-03	5.655046e-04
4.795355e-04	-2.377199e-03	4.795355e-04
4.125119e-04	-2.574256e-03	4.125119e-04
3.815006e-04	-2.525913e-03	3.815006e-04
3.793301e-04	-2.246488e-03	3.793301e-04
3.888881e-04	-1.839584e-03	3.888881e-04
4.042495e-04	-1.461488e-03	4.042495e-04
4.366074e-04	-1.268338e-03	4.366074e-04
4.961807e-04	-1.356109e-03	4.961807e-04
5.664790e-04	-1.711767e-03	5.664790e-04
6.003460e-04	-2.202259e-03	6.003460e-04
5.518518e-04	-2.619798e-03	5.518518e-04
4.238894e-04	-2.773916e-03	4.238894e-04
2.884608e-04	-2.588195e-03	2.884608e-04
2.501843e-04	-2.146765e-03	2.501843e-04
3.686348e-04	-1.657064e-03	3.686348e-04
5.965335e-04	-1.342937e-03	5.965335e-04
7.903935e-04	-1.327232e-03	7.903935e-04
8.006575e-04	-1.574069e-03	8.006575e-04
5.839551e-04	-1.925876e-03	5.839551e-04
2.527850e-04	-2.208786e-03	2.527851e-04
1.534593e-05	-2.333847e-03	1.534595e-05
3.788930e-05	-2.326011e-03	3.788934e-05
3.246431e-04	-2.267985e-03	3.246431e-04
7.049914e-04	-2.211653e-03	7.049915e-04
9.432370e-04	-2.133980e-03	9.432371e-04
8.962818e-04	-1.975168e-03	8.962819e-04
6.073993e-04	-1.724378e-03	6.073995e-04
2.700062e-04	-1.472948e-03	2.700064e-04
9.050615e-05	-1.377756e-03	9.050648e-05
1.516821e-04	-1.552203e-03	1.516826e-04
3.730184e-04	-1.967172e-03	3.730190e-04
5.876546e-04	-2.443143e-03	5.876554e-04
6.687209e-04	-2.746454e-03	6.687220e-04
6.077767e-04	-2.723780e-03	6.077782e-04
4.944962e-04	-2.383642e-03	4.944982e-04
4.277784e-04	-1.879143e-03	4.277811e-04
4.374981e-04	-1.419241e-03	4.375017e-04
4.770773e-04	-1.175133e-03	4.770820e-04
4.818205e-04	-1.229144e-03	4.818266e-04
4.343033e-04	-1.566118e-03	4.343115e-04
3.791173e-04	-2.081819e-03	3.791280e-04
3.786250e-04	-2.598377e-03	3.786388e-04
4.529020e-04	-2.904778e-03	4.529200e-04
5.572330e-04	-2.838219e-03	5.572564e-04
6.150136e-04	-2.381285e-03	6.150438e-04
5.770169e-04	-1.709480e-03	5.770558e-04
4.593829e-04	-1.132719e-03	4.594327e-04
3.335421e-04	-9.408138e-04	3.336057e-04
2.792247e-04	-1.238806e-03	2.793055e-04
3.350151e-04	-1.878943e-03	3.351175e-04
4.762447e-04	-2.538691e-03	4.763739e-04
6.285131e-04	-2.898640e-03	6.286756e-04
7.060725e-04	-2.810907e-03	7.062759e-04
6.564746e-04	-2.361089e-03	6.567283e-04
4.923613e-04	-1.799642e-03	4.926765e-04
2.935593e-04	-1.396472e-03	2.939492e-04
1.711908e-04	-1.306452e-03	1.716713e-04
2.050530e-04	-1.512983e-03	2.056426e-04
3.886052e-04	-1.865606e-03	3.893257e-04
6.221258e-04	-2.178584e-03	6.230025e-04
7.689961e-04	-2.331509e-03	7.700583e-04
7.439269e-04	-2.317240e-03	7.452084e-04
5.711215e-04	-2.214658e-03	5.726606e-04
3.661094e-04	-2.110719e-03	3.679499e-04
2.517654e-04	-2.031774e-03	2.539564e-04
2.725890e-04	-1.939330e-03	2.751851e-04
3.743900e-04	-1.794589e-03	3.774519e-04
4.626365e-04	-1.633285e-03	4.662306e-04
4.863073e-04	-1.572701e-03	4.905057e-04
4.735390e-04	-1.724571e-03	4.784190e-04
4.900910e-04	-2.076278e-03	4.957344e-04
5.623815e-04	-2.449966e-03	5.688741e-04
6.395443e-04	-2.600445e-03	6.469742e-04
6.331810e-04	-2.396027e-03	6.416368e-04
5.012446e-04	-1.940041e-03	5.108137e-04
2.997635e-04	-1.520082e-03	3.105295e-04
1.524121e-04	-1.406648e-03	1.644513e-04
1.598596e-04	-1.653401e-03	1.732381e-04
3.236151e-04	-2.060877e-03	3.383844e-04
5.460371e-04	-2.336380e-03	5.622295e-04
7.027216e-04	-2.320285e-03	7.203456e-04
7.251491e-04	-2.093787e-03	7.441838e-04
6.302760e-04	-1.885340e-03	6.506658e-04
4.856494e-04	-1.864943e-03	5.072983e-04
3.526905e-04	-2.006849e-03	3.754565e-04
2.590992e-04	-2.133827e-03	2.827888e-04
2.126505e-04	-2.092859e-03	2.370139e-04
2.255720e-04	-1.899499e-03	2.502989e-04
3.135723e-04	-1.723578e-03	3.382887e-04
4.678265e-04	-1.735001e-03	4.920927e-04
6.336404e-04	-1.951000e-03	6.569507e-04
7.283528e-04	-2.218447e-03	7.501372e-04
6.936453e-04	-2.340836e-03	7.132729e-04
5.410131e-04	-2.235223e-03	5.577984e-04
3.502276e-04	-1.987825e-03	3.634393e-04
2.192139e-04	-1.773226e-03	2.280861e-04
2.041209e-04	-1.717467e-03	2.078676e-04
2.940129e-04	-1.819341e-03	2.918453e-04
4.326723e-04	-1.979080e-03	4.238187e-04
5.617622e-04	-2.089549e-03	5.454899e-04
6.489745e-04	-2.106495e-03	6.246149e-04
6.867754e-04	-2.052898e-03	6.537498e-04
6.765680e-04	-1.977741e-03	6.344149e-04
6.212725e-04	-1.918153e-03	5.696753e-04
5.326679e-04	-1.890376e-03	4.714817e-04
4.395794e-04	-1.897147e-03	3.688572e-04
3.811739e-04	-1.929629e-03	3.011895e-04
3.865011e-04	-1.963402e-03	2.977685e-04
4.572806e-04	-1.966341e-03	3.605695e-04
5.684865e-04	-1.924635e-03	4.648315e-04
6.839800e-04	-1.864754e-03	5.746826e-04
7.716315e-04	-1.841264e-03	6.582546e-04
8.075198e-04	-1.889997e-03	6.918730e-04
7.746964e-04	-1.986351e-03	6.588114e-04
6.691363e-04	-2.054077e-03	5.552320e-04
5.141805e-04	-2.027099e-03	4.046173e-04
3.671641e-04	-1.913147e-03	2.643874e-04
2.998929e-04	-1.797940e-03	2.063666e-04
3.556751e-04	-1.778325e-03	2.738049e-04
5.120663e-04	-1.879097e-03	4.441164e-04
6.830556e-04	-2.027942e-03	6.310590e-04
7.675805e-04	-2.113883e-03	7.332477e-04
7.133581e-04	-2.079930e-03	6.979867e-04
5.494116e-04	-1.969110e-03	5.538032e-04
3.630356e-04	-1.884512e-03	3.874231e-04
2.397077e-04	-1.900312e-03	2.837013e-04
2.118117e-04	-2.002270e-03	2.743680e-04
2.516623e-04	-2.106598e-03	3.310832e-04
3.067636e-04	-2.135202e-03	4.007304e-04
3.432862e-04	-2.078650e-03	4.489319e-04
3.629242e-04	-1.995311e-03	4.769472e-04
3.855707e-04	-1.955249e-03	5.043878e-04
4.195112e-04	-1.983144e-03	5.394466e-04
4.477133e-04	-2.047411e-03	5.652162e-04
4.410110e-04	-2.095933e-03	5.528891e-04
3.850015e-04	-2.099628e-03	4.886553e-04
2.976252e-04	-2.066791e-03	3.912650e-04
2.237870e-04	-2.024747e-03	3.066108e-04
2.110041e-04	-1.994180e-03	2.833159e-04
2.816571e-04	-1.980027e-03	3.449052e-04
4.173933e-04	-1.979437e-03	4.741125e-04
5.636023e-04	-1.990328e-03	6.172506e-04
6.527445e-04	-2.009637e-03	7.074320e-04
6.372876e-04	-2.027709e-03	6.974068e-04
5.169341e-04	-2.031682e-03	5.867117e-04
3.439136e-04	-2.018503e-03	4.269167e-04
1.988620e-04	-2.002887e-03	2.974986e-04
1.472093e-04	-2.007018e-03	2.622736e-04
2.016268e-04	-2.038022e-03	3.319426e-04
3.161525e-04	-2.075627e-03	4.583637e-04
4.179217e-04	-2.086080e-03	5.664739e-04
4.554250e-04	-2.052939e-03	6.027674e-04
4.291137e-04	-1.996026e-03	5.661294e-04
3.830882e-04	-1.957950e-03	4.997396e-04
3.665493e-04	-1.967527e-03	4.526985e-04
3.966828e-04	-2.012685e-03	4.430230e-04
4.517686e-04	-2.048540e-03	4.507816e-04
4.971963e-04	-2.034623e-03	4.440385e-04
5.198719e-04	-1.968510e-03	4.130872e-04
5.407814e-04	-1.886619e-03	3.827484e-04
5.951217e-04	-1.833063e-03	3.921628e-04
6.970590e-04	-1.825510e-03	4.591685e-04
8.188167e-04	-1.847286e-03	5.590079e-04
9.020709e-04	-1.868946e-03	6.353832e-04
8.943178e-04	-1.876161e-03	6.365690e-04
7.843884e-04	-1.878230e-03	5.507921e-04
6.126745e-04	-1.892825e-03	4.164684e-04
4.497859e-04	-1.925163e-03	3.010207e-04
3.578577e-04	-1.962447e-03	2.624894e-04
3.581091e-04	-1.986921e-03	3.175025e-04
4.226376e-04	-1.992524e-03	4.335462e-04
4.934785e-04	-1.988702e-03	5.485063e-04
5.169531e-04	-1.989583e-03	6.054459e-04
4.736765e-04	-2.001079e-03	5.829330e-04
3.874724e-04	-2.018268e-03	5.041245e-04
3.084719e-04	-2.032986e-03	4.198618e-04
2.809971e-04	-2.041316e-03	3.763805e-04
3.166544e-04	-2.043072e-03	3.880872e-04
3.901896e-04	-2.036253e-03	4.330034e-04
4.603824e-04	-2.015681e-03	4.732176e-04
5.003155e-04	-1.979537e-03	4.847487e-04
5.141839e-04	-1.936876e-03	4.740461e-04
5.280058e-04	-1.905973e-03	4.685342e-04
5.622735e-04	-1.902031e-03	4.892568e-04
6.095353e-04	-1.924586e-03	5.286025e-04
6.365020e-04	-1.956896e-03	5.526682e-04
6.104744e-04	-1.978887e-03	5.279956e-04
5.294250e-04	-1.982259e-03	4.519442e-04
4.307985e-04	-1.974274e-03	3.616964e-04
3.699314e-04	-1.967852e-03	3.127466e-04
3.825446e-04	-1.968730e-03	3.413008e-04
4.584538e-04	-1.972402e-03	4.377473e-04
5.457937e-04	-1.972790e-03	5.505395e-04
5.831199e-04	-1.972306e-03	6.179307e-04
5.374891e-04	-1.981743e-03	6.057517e-04
4.236283e-04	-2.009302e-03	5.264289e-04
2.933110e-04	-2.049730e-03	4.284286e-04
2.039036e-04	-2.085020e-03	3.651142e-04
1.870271e-04	-2.097020e-03	3.639449e-04
2.358218e-04	-2.080760e-03	4.144277e-04
3.158998e-04	-2.046770e-03	4.797975e-04
3.903012e-04	-2.011241e-03	5.226032e-04
4.414808e-04	-1.983859e-03	5.270900e-04
4.769347e-04	-1.964024e-03	5.048807e-04
5.165416e-04	-1.946951e-03	4.819746e-04
5.718327e-04	-1.931657e-03	4.772913e-04
6.326887e-04	-1.922337e-03	4.883453e-04
6.717535e-04	-1.922675e-03	4.944939e-04
6.640788e-04	-1.930274e-03	4.754634e-04
6.077208e-04	-1.937805e-03	4.310809e-04
5.290772e-04	-1.939974e-03	3.861678e-04
4.671602e-04	-1.939066e-03	3.749056e-04
4.469316e-04	-1.943330e-03	4.148151e-04
4.612685e-04	-1.959649e-03	4.898403e-04
4.760373e-04	-1.987430e-03	5.568394e-04
4.559776e-04	-2.018843e-03	5.729509e-04
3.930271e-04	-2.044165e-03	5.252009e-04
3.159289e-04	-2.056721e-03	4.409567e-04
2.731252e-04	-2.053820e-03	3.710618e-04
3.003824e-04	-2.035213e-03	3.570355e-04
3.957258e-04	-2.002911e-03	4.049750e-04
5.189167e-04	-1.963252e-03	4.835676e-04
6.152609e-04	-1.927835e-03	5.462673e-04
6.470734e-04	-1.909710e-03	5.612607e-04
6.122166e-04	-1.915981e-03	5.289272e-04
5.394751e-04	-1.942686e-03	4.767659e-04
4.666827e-04	-1.977000e-03	4.378011e-04
4.179114e-04	-2.005556e-03	4.287296e-04
